603138
300253
603737
300495
300497
300492
603730
300498
603738
603229
603228
603226
603919
300686
603823
603357
603826
603825
603358
300072
600850
002801
002242
600612
002790
002792
002793
601326
600104
600100
603038
603039
603035
603037
603032
300670
300679
300636
300630
300482
300484
603218
300639
603585
603586
603580
603589
603960
603188
603189
603360
603369
300566
000902
002327
002815
601668
002812
002811
002818
300115
300113
601689
002250
601939
002788
002071
600483
600131
002673
002475
603355
600000
603023
603025
300669
300668
300667
300665
300662
300661
300660
601997
603116
603111
600309
603686
603203
603757
300479
300477
603208
603595
603978
603977
603976
300588
300589
300582
300583
300580
300581
300584
300585
300296
002860
002861
002866
002867
002868
002869
300124
000002
002262
002041
000333
300619
300613
300616
300617
300615
600016
600015
603160
603168
300267
300464
603568
603569
603326
603788
603896
601949
300599
300598
603303
300595
600340
603305
300043
002304
002871
002870
002873
002875
002877
002876
002879
002878
002275
002271
002051
002690
002450
600201
600751
300609
300608
300600
300602
300605
300604
300607
300606
603165
603178
601881
600036
300450
603776
300456
300457
002146
603579
603578
002143
603041
603798
603043
601952
603313
002065
603959
600816
002849
002845
002846
002847
002841
000423
601567
600566
600563
603766
600217
300635
000596
300637
300633
300638
300447
300446
300443
603098
603096
601966
603898
603899
000009
000418
601021
601020
002859
002853
002852
002850
002857
002856
601777
601155
600682
002508
300590
002504
600177
600197
002437
600518
600519
600511
300623
300620
300627
300625
600446
300628
000908
603306
300432
300439
603557
603556
603089
603081
300389
603880
603330
603885
603886
603888
300545
300543
600996
603429
603421
300367
300364
300360
002880
002881
002883
002886
002887
002224
002889
601163
601166
002081
600697
600167
600763
603767
002400
002236
600507
600236
002718
600436
600690
300569
300562
002085
000626
000625
300429
600306
603520
603528
300390
300394
300559
300558
300555
300554
300550
603180
603181
603639
603637
603630
603858
600987
603989
603458
603980
603986
601009
300376
300373
002892
002415
002142
600535
601595
002701
000963
600406
000966
000540
300418
600048
300561
300565
300567
603198
603196
603626
601318
603997
603991
603990
603444
000921
600743
600741
002174
000828
000559
000550
002773
002777
002774
000958
000957
300408
603298
300406
603508
603058
603501
603881
601877
300577
300575
300572
300571
300570
603337
300579
300578
000048
603416
300549
300546
300547
603617
603338
603877
603879
001979
300358
300357
601288
603387
600885
600887
600081
600066
002769
600398
600894
603288
603517
603040
603515
300500
300506
300507
603603
603602
603600
603868
603866
603860
603266
000810
300327
603383
603380
002572
002573
002372
601633
000826
002116
002287
002285
300692
300693
300690
300691
300696
000538
002884
002595
600388
002888
000997
002624
600273
600271
600276
000848
600562
000661
603078
300512
300514
300516
300519
603389
000069
603676
603677
603679
603811
603816
300208
603496
300202
603708
603258
603701
603926
603920
603928
002367
002294
600660
300681
300683
300682
300685
300687
300688
002741
002032
002749
000989
000858
603063
603060
603393
300529
300520
300522
300523
603665
603668
000501
603808
603801
603803
603806
603488
300231
603717
603933
603938
300015
300017
002354
600876
002829
002826
002827
002825
002823
002820
600675
600674
002007
002008
600452
000049
600299
000887
300656
300652
300653
300650
300651
300658
300533
300531
300536
603658
603129
603127
603656
002717
600422
603728
603238
603239
603232
603233
601398
603727
603900
603901
603908
603345
603833
603839
000650
300009
002838
002835
002837
002831
002830
002833
002832
002120
002127
600608
601515
603377
600332
600338
002653
000651
601888
000895
300647
300641
300640
300643
300642
300648